324.6, -12.4, -3.7
324.3, -20.7, -3.6
324.4, -20.7, -3.6
324.4, -20.7, -3.6
324.4, -20.7, -3.6
324.4, -20.7, -3.6
324.3, -20.7, -3.6
324.3, -20.7, -3.6
324.3, -20.7, -3.6
324.3, -20.7, -3.6
324.3, -20.7, -3.6
324.3, -20.7, -3.6
324.4, -20.7, -3.6
324.4, -20.7, -3.6
324.4, -20.7, -3.6
324.3, -20.7, -3.6
323.9, -22.0, -1.6
320.7, -36.4, -7.3
320.4, -47.3, -2.5
322.0, -44.4, -3.4
325.9, -41.0, -3.7
333.1, -38.4, -4.4
337.2, -34.8, -4.7
339.9, -33.1, -5.2
341.5, -32.4, -5.5
343.0, -31.8, -5.8
344.1, -31.3, -5.9
344.7, -31.2, -5.9
345.1, -31.0, -6.1
345.1, -30.8, -6.5
345.3, -30.8, -6.3
345.7, -30.7, -6.5
346.2, -30.7, -6.4
346.6, -30.8, -6.2
346.8, -31.0, -5.8
346.7, -30.8, -7.4
346.5, -30.7, -7.3
346.2, -30.7, -7.7
345.9, -30.5, -7.7
345.8, -30.7, -7.5
345.7, -30.7, -7.1
345.7, -30.7, -7.1
345.6, -30.7, -7.1
345.6, -30.7, -7.0
345.7, -30.7, -6.9
345.7, -30.7, -6.9
345.8, -30.8, -7.0
346.1, -30.7, -7.0
346.1, -30.3, -10.2
342.9, -28.6, -16.6
332.3, -23.7, -25.6
317.5, -23.4, -24.6
304.8, -26.3, -20.5
297.9, -27.6, -17.8
298.7, -28.1, -16.2
301.5, -28.6, -15.2
295.7, -28.1, -12.7
281.7, -27.0, -13.8
273.1, -27.5, -14.1
268.3, -28.2, -14.1
277.6, -28.7, -15.2
293.5, -58.4, -25.7
311.6, -30.6, -20.0
330.9, 55.3, -18.6
1.2, 33.3, -28.8
331.6, -9.6, 24.7
281.6, -47.8, 59.7
227.6, -38.0, 5.4
241.2, 59.7, 31.9
334.1, 85.3, 3.5
324.0, 46.9, -11.7
7.9, -9.1, -46.1
7.9, -2.4, 48.4
55.7, 12.4, 51.1
295.0, -24.2, 44.7
270.2, 4.3, 46.3
237.7, 10.0, 10.6
244.2, -36.9, 28.4
249.6, -25.8, -37.6
233.0, 97.1, -52.4
214.2, -62.8, -17.3
175.5, -68.2, 19.1
138.9, -34.2, 47.4
106.3, -35.7, 36.5
69.4, -33.5, -8.3
33.2, 15.2, -11.7
17.0, 95.5, -8.2
19.5, -99.4, -18.6
34.0, -80.5, -26.4
52.3, -53.0, -25.3
67.6, -33.0, -14.2
80.3, -16.4, 9.1
86.8, -7.3, 32.6
79.6, -13.0, 25.2
58.5, -6.9, -1.0
37.5, 89.0, 7.5
28.7, -20.9, -5.5
33.6, -98.6, -18.1
48.0, -60.7, -23.7
60.6, -40.0, -22.7
72.4, -23.6, -8.2
83.2, -12.4, 16.9
86.5, -7.2, 36.4
75.1, -17.0, 14.2
50.7, -0.6, -10.1
30.5, 103.2, -1.3
24.4, -50.5, -12.6
33.2, -98.0, -22.0
49.9, -61.0, -25.9
64.5, -41.4, -19.4
77.2, -28.3, -0.7
86.4, -15.8, 24.1
84.9, -10.8, 31.6
69.1, -15.1, -0.6
46.6, 42.0, 8.5
33.8, 51.3, -0.2
33.2, -121.7, -13.3
44.7, -74.8, -21.3
57.7, -48.0, -23.3
68.7, -31.4, -15.4
79.5, -20.2, 4.3
86.6, -11.9, 28.5
82.1, -13.0, 29.6
63.4, -15.3, -11.2
40.0, 53.8, 4.8
28.4, 26.1, -4.6
30.4, -116.1, -16.4
44.2, -70.2, -24.1
58.6, -45.3, -23.1
70.8, -31.0, -10.7
81.6, -17.9, 11.8
86.2, -11.8, 31.3
77.7, -17.8, 18.7
57.0, -7.9, -7.1
37.7, 87.6, 3.3
30.5, -23.8, -7.6
36.3, -102.8, -18.1
50.3, -60.1, -23.4
62.8, -40.6, -20.0
73.7, -28.9, -5.9
82.6, -18.1, 15.0
84.4, -13.5, 28.2
73.6, -13.2, 9.6
53.4, 14.0, 2.2
38.8, 91.5, 1.3
35.0, -105.9, -10.4
42.8, -87.5, -19.2
56.3, -53.5, -28.8
68.8, -36.6, -27.7
79.2, 28.5, -18.7
86.9, 81.5, -12.9
91.9, -127.4, -10.4
92.0, -79.1, -6.4
92.4, -48.1, -1.0
91.1, -30.1, 3.4
86.9, -19.3, 1.2
80.6, 6.9, 0.7
76.4, 115.7, 1.7
75.4, -76.4, -4.6
77.3, -90.6, -8.3
80.9, -55.7, -10.4
83.0, -33.3, -9.6
84.6, -20.8, -6.1
86.3, -12.6, 5.8
85.5, -6.6, 22.7
76.8, -9.3, 16.4
61.1, 13.9, 12.7
49.6, 92.7, 7.5
44.8, -105.8, -4.3
49.2, -87.4, -13.3
58.2, -53.2, -19.2
65.1, -30.0, -18.4
72.7, -18.3, -6.1
80.3, -10.2, 13.6
82.0, -7.1, 27.6
71.9, -11.1, 9.2
53.3, 22.4, 8.1
40.5, 66.4, 3.3
37.2, -133.9, -9.1
45.0, -82.2, -17.9
56.7, -51.1, -21.6
66.0, -32.5, -16.9
75.3, -22.1, -1.6
82.7, -12.9, 19.2
81.7, -10.7, 28.1
68.3, -15.0, 0.0
48.3, 37.4, 5.7
36.5, 47.2, -1.2
35.5, -125.0, -12.5
45.7, -75.8, -20.7
58.3, -47.8, -22.1
68.8, -32.0, -13.9
78.5, -19.7, 4.6
84.5, -11.5, 25.6
79.7, -13.4, 24.8
62.4, -12.4, -9.7
43.0, 66.0, 6.1
33.8, -2.3, -3.8
36.2, -111.1, -15.3
48.7, -69.0, -21.8
60.6, -44.8, -21.3
70.9, -26.3, -10.3
80.4, -14.7, 10.0
84.6, -7.5, 28.9
76.7, -12.4, 17.7
57.5, 0.0, 1.0
40.7, 105.1, 4.8
34.4, -48.0, -7.3
40.1, -95.9, -17.1
53.0, -58.9, -21.8
63.7, -34.0, -19.9
73.8, -24.2, -7.2
82.7, -13.1, 15.3
84.7, -7.8, 31.0
74.0, -12.7, 12.0
52.8, 8.3, -0.7
36.5, 116.4, 1.6
31.8, -76.2, -10.6
39.6, -91.6, -19.1
53.4, -57.8, -22.4
64.7, -37.2, -17.9
74.9, -25.1, -3.5
82.9, -14.5, 18.1
82.7, -10.8, 28.5
70.0, -12.3, 2.9
50.3, 35.6, 7.8
38.2, 44.9, 0.6
36.4, -125.0, -11.0
45.9, -74.7, -19.3
57.6, -45.9, -22.0
67.3, -30.0, -16.0
77.0, -18.4, 2.4
83.9, -10.3, 24.8
80.6, -11.9, 28.0
64.1, -13.6, -4.2
44.5, 64.1, 10.2
34.5, -2.5, -1.3
36.1, -111.0, -13.8
48.0, -64.2, -21.1
59.4, -38.8, -22.0
69.4, -25.6, -12.3
79.2, -15.6, 7.7
84.5, -7.4, 28.5
78.0, -11.8, 22.3
59.0, -8.9, -8.6
39.6, 79.4, 4.6
31.4, -28.1, -6.6
35.6, -106.2, -16.8
49.1, -65.2, -22.5
61.3, -41.2, -21.1
72.0, -29.3, -8.6
81.3, -14.1, 12.9
84.3, -7.8, 29.8
74.6, -12.2, 14.4
54.4, 8.7, 4.7
38.7, 119.3, 4.4
33.7, -73.9, -8.4
40.7, -89.2, -17.9
53.6, -55.4, -22.3
64.1, -34.6, -18.3
74.0, -22.9, -3.1
82.1, -10.8, 19.4
81.9, -6.8, 29.5
68.9, -12.1, 1.9
48.8, 36.5, 7.7
36.7, 46.0, 0.2
35.3, -125.8, -11.4
45.4, -76.1, -19.6
57.5, -47.4, -21.6
67.4, -31.7, -14.8
76.9, -19.8, 2.4
83.3, -12.0, 22.7
80.1, -12.7, 25.0
64.6, -9.5, -4.5
46.6, 68.8, 8.9
37.5, 2.7, -2.7
38.8, -107.8, -14.0
50.1, -66.4, -20.3
60.7, -40.8, -20.2
70.0, -27.2, -11.0
78.8, -17.2, 7.4
83.1, -9.3, 25.3
76.8, -11.8, 18.8
59.6, -0.5, 4.3
44.3, 103.7, 6.9
38.1, -48.7, -5.0
42.4, -96.4, -15.0
53.9, -58.6, -21.0
63.3, -33.4, -19.8
72.4, -20.5, -6.5
80.9, -11.3, 14.2
82.9, -7.5, 28.5
72.8, -11.7, 10.7
52.7, 8.7, -1.1
37.4, 116.9, 1.5
33.1, -75.3, -10.3
40.7, -90.0, -19.1
54.2, -56.2, -22.3
65.3, -35.4, -16.8
75.2, -23.1, -1.3
82.4, -13.3, 19.3
81.1, -10.9, 26.2
67.8, -14.0, -2.0
50.0, 54.0, 9.5
40.2, 27.1, -0.4
40.0, -115.0, -11.0
49.7, -68.7, -18.3
59.7, -42.8, -21.1
68.2, -28.2, -14.8
77.0, -16.4, 2.8
83.1, -8.6, 24.2
79.4, -10.7, 25.1
63.3, -10.3, -7.3
44.6, 67.1, 7.4
35.3, -1.1, -3.1
37.2, -107.4, -14.7
